$PAL_Flags
   description: The PAL Flags
   geom. index: 1
   prop. index: 1
        Diskflag:     2
$End
$CASSCF_Energies
   description: The CASSCF energies
   geom. index: 1
   prop. index: 1
       Number of Multiplicities          : 2 
       Number of Electrons               : 179 
       Number of Frozen core Electrons   : 0 
       FINAL CASSCF Energy               :  -4790.0618890091 
       Total number of roots             : 50
Mult   NRoots    Root     Irrep         Energy
  4      10       0         0     -4790.2018384950
  4      10       1         0     -4790.2014344939
  4      10       2         0     -4790.1476569364
  4      10       3         0     -4790.0930746559
  4      10       4         0     -4790.0878129395
  4      10       5         0     -4790.0746688877
  4      10       6         0     -4790.0733412961
  4      10       7         0     -4790.0484683512
  4      10       8         0     -4790.0446726139
  4      10       9         0     -4789.9659898702
  2      40       0         0     -4790.2246773338
  2      40       1         0     -4790.2222090193
  2      40       2         0     -4790.1504316196
  2      40       3         0     -4790.1501056133
  2      40       4         0     -4790.1460915705
  2      40       5         0     -4790.1458743542
  2      40       6         0     -4790.1434418580
  2      40       7         0     -4790.1370980942
  2      40       8         0     -4790.1171155049
  2      40       9         0     -4790.1167403532
  2      40      10         0     -4790.0982861395
  2      40      11         0     -4790.0695360168
  2      40      12         0     -4790.0690688476
  2      40      13         0     -4790.0488834236
  2      40      14         0     -4790.0457467610
  2      40      15         0     -4790.0431877635
  2      40      16         0     -4790.0414324807
  2      40      17         0     -4790.0410406370
  2      40      18         0     -4790.0345661779
  2      40      19         0     -4790.0333910540
  2      40      20         0     -4790.0313087184
  2      40      21         0     -4790.0279249998
  2      40      22         0     -4790.0210099957
  2      40      23         0     -4790.0193688857
  2      40      24         0     -4790.0185535957
  2      40      25         0     -4790.0149258758
  2      40      26         0     -4789.9970568578
  2      40      27         0     -4789.9952893706
  2      40      28         0     -4789.9927292049
  2      40      29         0     -4789.9872588475
  2      40      30         0     -4789.9264632657
  2      40      31         0     -4789.9255113749
  2      40      32         0     -4789.9223045672
  2      40      33         0     -4789.9188669843
  2      40      34         0     -4789.9070353212
  2      40      35         0     -4789.9021747011
  2      40      36         0     -4789.9021025888
  2      40      37         0     -4789.8905184538
  2      40      38         0     -4789.8583284620
  2      40      39         0     -4789.8576298757
$End
$Mayer_Pop
   description: The Mayer population analysis
   geom. index: 1
   prop. index: 1
     Number of atoms                     : 48
     Threshold for printing              : 0.1000000
     Number of bond orders printed       : 48
  NA   - Mulliken gross atomic population
  ZA   - Total nuclear charge
  QA   - Mulliken gross atomic charge
  VA   - Mayer's total valence
  BVA  - Mayer's bonded valence
  FA   - Mayer's free valence
  ATOM       NA         ZA         QA         VA         BVA        FA
  0   0    39.8856    42.0000     2.1144     4.6346     1.0327     3.6019
  1   0     7.3630     7.0000    -0.3630     2.7512     2.7202     0.0310
  2   0     7.7987     7.0000    -0.7987     2.7646     2.7488     0.0158
  3   0     7.7798     7.0000    -0.7798     2.1661     2.0866     0.0795
  4   0     7.7819     7.0000    -0.7819     2.1236     2.0268     0.0968
  5   0     7.7825     7.0000    -0.7825     2.1098     2.0186     0.0912
  6   0     6.0408     6.0000    -0.0408     3.9470     3.9393     0.0077
  7   0     6.0974     6.0000    -0.0974     3.9502     3.9443     0.0059
  8   0     6.1031     6.0000    -0.1031     3.9071     3.9043     0.0028
  9   0     6.1118     6.0000    -0.1118     3.9109     3.9078     0.0031
 10   0     6.0893     6.0000    -0.0893     3.9405     3.9358     0.0047
 11   0     6.0692     6.0000    -0.0692     3.9366     3.9279     0.0087
 12   0     6.3027     6.0000    -0.3027     3.8481     3.8464     0.0017
 13   0     6.0858     6.0000    -0.0858     3.9627     3.9577     0.0050
 14   0     6.0992     6.0000    -0.0992     3.8963     3.8944     0.0019
 15   0     6.0707     6.0000    -0.0707     3.9424     3.9336     0.0088
 16   0     6.3080     6.0000    -0.3080     3.8444     3.8425     0.0019
 17   0     6.3121     6.0000    -0.3121     3.8582     3.8563     0.0019
 18   0     0.9416     1.0000     0.0584     0.9650     0.9613     0.0037
 19   0     0.8940     1.0000     0.1060     0.9678     0.9660     0.0018
 20   0     0.8875     1.0000     0.1125     0.9673     0.9674    -0.0001
 21   0     0.9116     1.0000     0.0884     0.9543     0.9519     0.0024
 22   0     0.9209     1.0000     0.0791     0.9572     0.9539     0.0033
 23   0     0.8968     1.0000     0.1032     0.9669     0.9654     0.0015
 24   0     0.8856     1.0000     0.1144     0.9680     0.9679     0.0001
 25   0     0.8873     1.0000     0.1127     0.9656     0.9656     0.0000
 26   0     0.8946     1.0000     0.1054     0.9675     0.9658     0.0017
 27   0     0.9112     1.0000     0.0888     0.9537     0.9514     0.0023
 28   0     0.9180     1.0000     0.0820     0.9578     0.9545     0.0033
 29   0     0.7203     1.0000     0.2797     0.9296     0.9248     0.0048
 30   0     0.7152     1.0000     0.2848     0.9221     0.9177     0.0044
 31   0     0.7193     1.0000     0.2807     0.9276     0.9222     0.0054
 32   0     0.9269     1.0000     0.0731     0.9559     0.9525     0.0034
 33   0     0.9158     1.0000     0.0842     0.9528     0.9509     0.0019
 34   0     0.9878     1.0000     0.0122     0.9517     0.9509     0.0008
 35   0     0.9271     1.0000     0.0729     0.9700     0.9664     0.0036
 36   0     0.9921     1.0000     0.0079     0.9495     0.9477     0.0018
 37   0     0.9291     1.0000     0.0709     0.9677     0.9639     0.0038
 38   0     0.9805     1.0000     0.0195     0.9533     0.9520     0.0013
 39   0     0.9115     1.0000     0.0885     0.9697     0.9694     0.0003
 40   0     0.9014     1.0000     0.0986     0.9714     0.9704     0.0010
 41   0     0.9029     1.0000     0.0971     0.9704     0.9704    -0.0000
 42   0     0.9013     1.0000     0.0987     0.9719     0.9719     0.0000
 43   0     0.9129     1.0000     0.0871     0.9690     0.9684     0.0006
 44   0     0.9024     1.0000     0.0976     0.9717     0.9708     0.0009
 45   0     0.9086     1.0000     0.0914     0.9732     0.9722     0.0010
 46   0     0.9069     1.0000     0.0931     0.9694     0.9694     0.0000
 47   0     0.9073     1.0000     0.0927     0.9742     0.9739     0.0003
      Bond orders larger than 0.1000000
           Atom A     A.N. of A          Atom B    A.N. of B              Bond order
                0            42               3            7                0.264406
                0            42               4            7                0.250540
                0            42               5            7                0.241747
                1             7               8            6                0.918577
                1             7               9            6                0.922526
                1             7              14            6                0.926461
                2             7              29            1                0.906781
                2             7              30            1                0.908677
                2             7              31            1                0.907983
                3             7               6            6                0.979678
                3             7              13            6                0.983902
                4             7               7            6                0.962013
                4             7              15            6                0.974747
                5             7              10            6                0.960524
                5             7              11            6                0.969916
                6             6              17            6                0.969439
                6             6              18            1                0.985996
                6             6              34            1                0.991922
                7             6               8            6                1.001405
                7             6              27            1                0.985024
                7             6              28            1                0.983611
                8             6              25            1                0.975183
                8             6              26            1                0.987823
                9             6              10            6                1.001426
                9             6              19            1                0.988090
                9             6              20            1                0.974463
               10             6              21            1                0.984258
               10             6              22            1                0.983019
               11             6              12            6                0.962672
               11             6              35            1                0.989746
               11             6              36            1                0.997212
               12             6              42            1                0.986946
               12             6              43            1                0.981154
               12             6              44            1                0.992361
               13             6              14            6                0.999234
               13             6              32            1                0.979948
               13             6              33            1                0.983050
               14             6              23            1                0.988619
               14             6              24            1                0.972598
               15             6              16            6                0.959983
               15             6              37            1                0.990584
               15             6              38            1                0.999090
               16             6              39            1                0.982417
               16             6              40            1                0.991440
               16             6              41            1                0.986837
               17             6              45            1                0.990720
               17             6              46            1                0.987394
               17             6              47            1                0.983495
$End
$CASSCF_ABS
   description: The CASSCF absorption spectrum 
   geom. index: 1
   prop. index: 1
        Number of roots:  39
        The CASSCF Absorption Spectrum :
                  0          1          2          3          4          5    
      0     541.732432 18459.297256   0.000001   0.002244   0.046233  -0.010326
      1     16295.050745 613.683268   0.000288   0.037502  -0.007535   0.063583
      2     16366.600862 611.000420   0.000747   0.096922   0.091642   0.018609
      3     17247.581418 579.791436   0.002274   0.279967  -0.013964   0.013130
      4     17295.254892 578.193271   0.003010   0.369530   0.018262   0.002010
      5     17829.126086 560.879987   0.000115   0.013708   0.111920   0.025719
      6     19221.421306 520.252891   0.000089   0.009880  -0.013195   0.094005
      7     23607.092722 423.601505   0.000073   0.006553   0.030292  -0.048062
      8     23689.429010 422.129212   0.000462   0.041372   0.074482   0.035086
      9     27739.660738 360.494676   0.000006   0.000462   0.005109  -0.013344
     10     34049.583325 293.689350   0.000026   0.001591  -0.013082   0.029877
     11     34152.115111 292.807633   0.000336   0.020884   0.058821   0.019447
     12     38582.303593 259.186183   0.000037   0.002056   0.041710  -0.011949
     13     39270.721467 254.642635   0.000005   0.000255  -0.015620   0.002642
     14     39832.356494 251.052182   0.000005   0.000288  -0.003125   0.006677
     15     40217.596544 248.647380   0.000269   0.014197  -0.119120  -0.002747
     16     40303.596300 248.116816   0.000294   0.015499  -0.006377   0.124250
     17     41724.575816 239.666906   0.000032   0.001628   0.020902  -0.034436
     18     41982.485701 238.194567   0.000178   0.009024   0.031304   0.014875
     19     42439.505533 235.629513   0.000044   0.002212  -0.012201  -0.016596
     20     43182.145918 231.577190   0.000011   0.000553   0.001069  -0.006447
     21     44699.813902 223.714578   0.000022   0.001038  -0.001058  -0.032120
     22     45059.995902 221.926341   0.000030   0.001401   0.032647  -0.015159
     23     45238.931381 221.048546   0.000017   0.000807   0.008967   0.026717
     24     46035.123864 217.225439   0.000022   0.000995  -0.029543  -0.010639
     25     49956.920013 200.172469   0.000084   0.003581   0.012112  -0.038630
     26     50344.838613 198.630093   0.000288   0.012160  -0.009182   0.009440
     27     50906.730034 196.437681   0.000305   0.012730  -0.018210   0.110989
     28     52107.334688 191.911562   0.000022   0.000905  -0.024026  -0.008496
     29     65450.422589 152.787402   0.000057   0.001858   0.021878   0.012110
     30     65659.338464 152.301260   0.000002   0.000081   0.006086  -0.006578
     31     66363.151414 150.686033   0.000112   0.003587   0.024308   0.009822
     32     67117.613646 148.992186   0.000080   0.002542   0.010121  -0.032585
     33     69714.363529 143.442463   0.000000   0.000012  -0.002484  -0.001479
     34     70781.146329 141.280560   0.000016   0.000472  -0.005632  -0.009568
     35     70796.973165 141.248977   0.000003   0.000103  -0.007884   0.006366
     36     73339.396924 136.352362   0.000001   0.000016  -0.003752  -0.001498
     37     80404.283499 124.371483   0.000023   0.000618  -0.003128  -0.004803
     38     80557.605459 124.134772   0.000002   0.000052   0.004776  -0.002296
                  6    
      0       0.000262
      1       0.182763
      2       0.296947
      3       0.528772
      4       0.607612
      5       0.022811
      6       0.029482
      7       0.057665
      8      -0.185993
      9       0.016048
     10      -0.022953
     11      -0.130558
     12       0.013163
     13      -0.002087
     14       0.015292
     15      -0.000445
     16      -0.004540
     17       0.002290
     18      -0.088448
     19      -0.042283
     20       0.022601
     21      -0.002333
     22      -0.010283
     23      -0.003538
     24       0.002973
     25      -0.044068
     26      -0.109482
     27       0.008946
     28      -0.015983
     29       0.035116
     30       0.000578
     31       0.053848
     32      -0.037122
     33      -0.001977
     34      -0.018683
     35       0.000102
     36      -0.000368
     37       0.024199
     38      -0.004882
        Info about the excitations:
                  0          1          2          3          4    
      0         0          1          1          1          2     
      1         0          1          2          1          2     
      2         0          1          3          1          2     
      3         0          1          4          1          2     
      4         0          1          5          1          2     
      5         0          1          6          1          2     
      6         0          1          7          1          2     
      7         0          1          8          1          2     
      8         0          1          9          1          2     
      9         0          1         10          1          2     
     10         0          1         11          1          2     
     11         0          1         12          1          2     
     12         0          1         13          1          2     
     13         0          1         14          1          2     
     14         0          1         15          1          2     
     15         0          1         16          1          2     
     16         0          1         17          1          2     
     17         0          1         18          1          2     
     18         0          1         19          1          2     
     19         0          1         20          1          2     
     20         0          1         21          1          2     
     21         0          1         22          1          2     
     22         0          1         23          1          2     
     23         0          1         24          1          2     
     24         0          1         25          1          2     
     25         0          1         26          1          2     
     26         0          1         27          1          2     
     27         0          1         28          1          2     
     28         0          1         29          1          2     
     29         0          1         30          1          2     
     30         0          1         31          1          2     
     31         0          1         32          1          2     
     32         0          1         33          1          2     
     33         0          1         34          1          2     
     34         0          1         35          1          2     
     35         0          1         36          1          2     
     36         0          1         37          1          2     
     37         0          1         38          1          2     
     38         0          1         39          1          2     
$End
$CASSCF_CD
   description: The CASSCF CD spectrum 
   geom. index: 1
   prop. index: 1
        Number of roots:  39
        The CASSCF CD Spectrum:
                  0          1          2          3          4          5    
      0     541.732432 18459.297256   0.325360   0.036220   0.003523   0.442063
      1     16295.050745 613.683268  -7.565498   0.335433   0.044097  -0.224692
      2     16366.600862 611.000420   7.842410   0.130221  -0.452394   0.130551
      3     17247.581418 579.791436   6.699580   0.142618   0.011687   0.071786
      4     17295.254892 578.193271  -2.809212   0.018501  -0.171803  -0.024914
      5     17829.126086 560.879987  -1.266962   0.076910  -0.599421  -0.000963
      6     19221.421306 520.252891  -0.489916   0.695637   0.082678  -0.041874
      7     23607.092722 423.601505  -1.154018  -0.464060  -0.213918  -0.042415
      8     23689.429010 422.129212   0.585383   0.175370  -0.414153  -0.024868
      9     27739.660738 360.494676  -0.307308  -0.593338  -0.062572   0.033618
     10     34049.583325 293.689350  -0.230619  -0.084569  -0.050596   0.036512
     11     34152.115111 292.807633   0.023983  -0.041122   0.087971  -0.006413
     12     38582.303593 259.186183   0.011271  -0.002438  -0.013434   0.000146
     13     39270.721467 254.642635   0.047304  -0.014974   0.004763  -0.004101
     14     39832.356494 251.052182  -0.287405   0.018272  -0.220479  -0.001332
     15     40217.596544 248.647380  -0.119547   0.005967  -0.023066  -0.006444
     16     40303.596300 248.116816   0.170564   0.008615   0.007461  -0.010456
     17     41724.575816 239.666906  -0.004432  -0.002799  -0.001027  -0.000328
     18     41982.485701 238.194567   0.024274  -0.000925   0.009772  -0.000164
     19     42439.505533 235.629513   0.041454  -0.000136  -0.016188   0.001107
     20     43182.145918 231.577190   0.005004  -0.002039  -0.003154   0.000390
     21     44699.813902 223.714578  -0.008770  -0.006666   0.001808  -0.001603
     22     45059.995902 221.926341  -0.016865  -0.000673   0.001658   0.004262
     23     45238.931381 221.048546   0.010169  -0.000287   0.001213  -0.007066
     24     46035.123864 217.225439   0.000576   0.000339  -0.002310  -0.003854
     25     49956.920013 200.172469  -0.035792  -0.003493  -0.000268   0.003654
     26     50344.838613 198.630093   0.024950  -0.001381   0.004734  -0.000705
     27     50906.730034 196.437681  -0.040209   0.002521  -0.001567   0.000336
     28     52107.334688 191.911562  -0.013616  -0.001619   0.012773   0.000236
     29     65450.422589 152.787402   0.014573  -0.000706   0.002537   0.001802
     30     65659.338464 152.301260   0.001100   0.002088   0.001295   0.003013
     31     66363.151414 150.686033   0.010055  -0.000543   0.002647   0.000769
     32     67117.613646 148.992186  -0.018578   0.004126   0.000807   0.003115
     33     69714.363529 143.442463  -0.000391   0.001315  -0.000021  -0.000570
     34     70781.146329 141.280560  -0.004741   0.003045   0.000676   0.000104
     35     70796.973165 141.248977   0.001818  -0.003618  -0.002919  -0.001386
     36     73339.396924 136.352362   0.002384   0.001551  -0.012448  -0.000081
     37     80404.283499 124.371483  -0.000349   0.001446  -0.001352  -0.000159
     38     80557.605459 124.134772   0.002414   0.001406   0.001281  -0.001893
        Info about the excitations:
                  0          1          2          3          4    
      0         0          0          0          0          0     
      1         0          0          0          0          0     
      2         0          0          0          0          0     
      3         0          0          0          0          0     
      4         0          0          0          0          0     
      5         0          0          0          0          0     
      6         0          0          0          0          0     
      7         0          0          0          0          0     
      8         0          0          0          0          0     
      9         0          0          0          0          0     
     10         0          0          0          0          0     
     11         0          0          0          0          0     
     12         0          0          0          0          0     
     13         0          0          0          0          0     
     14         0          0          0          0          0     
     15         0          0          0          0          0     
     16         0          0          0          0          0     
     17         0          0          0          0          0     
     18         0          0          0          0          0     
     19         0          0          0          0          0     
     20         0          0          0          0          0     
     21         0          0          0          0          0     
     22         0          0          0          0          0     
     23         0          0          0          0          0     
     24         0          0          0          0          0     
     25         0          0          0          0          0     
     26         0          0          0          0          0     
     27         0          0          0          0          0     
     28         0          0          0          0          0     
     29         0          0          0          0          0     
     30         0          0          0          0          0     
     31         0          0          0          0          0     
     32         0          0          0          0          0     
     33         0          0          0          0          0     
     34         0          0          0          0          0     
     35         0          0          0          0          0     
     36         0          0          0          0          0     
     37         0          0          0          0          0     
     38         0          0          0          0          0     
$End
$CASSCF_Dipole
   description: The CASSCF dipole moments 
   geom. index: 1
   prop. index: 1
        Number of states:  39
        The CASSCF Dipole moments :
                  0          1          2          3    
      0      -0.968564   0.159787  -1.012735   1.410419
        Info about the states:
                  0          1    
      0         0          1     
$End
$Calculation_Info
   description: Details of the calculation
   geom. index: 1
   prop. index: 1
     Multiplicity:                          2
     Charge:                                0
     number of atoms:                       48
     number of electrons:                   0
     number of frozen core electrons:       1
     number of correlated electrons:        0
     number of basis functions:             801
     number of aux C basis functions:       0
     number of aux J basis functions:       0
     number of aux JK basis functions:      0
     number of aux CABS basis functions:    0
     Total Energy (Eh)                      -4790.0618890091
$End
$Calculation_Timings
   description: Timings of the calculation
   geom. index: 1
   prop. index: 1
Total number of timings: 5
Sum of Timings               ...      596.562 sec (=    9.943 min) 
GTO Integrals                ...        3.411 sec (=    0.057 min) (index: 0 )
SCF iterations               ...       13.087 sec (=    0.218 min) (index: 2 )
Relativistic integrals       ...        7.424 sec (=    0.124 min) (index: 13 )
CASSCF iterations            ...      570.730 sec (=    9.512 min) (index: 16 )
Property integrals           ...        1.910 sec (=   0.032 min) (index: 43 )
$End
$Geometry
    Number of atoms:    48 
    Geometry Index:     1 
    Coordinates:
               0 Mo     0.000000000000    0.000000000000    0.000000000000
               1 N      0.000000000000   -0.000000000000    2.216533000000
               2 N     -0.285171000000    0.004718000000   -2.279534000000
               3 N      2.004311000000    0.474895000000    0.316334000000
               4 N     -0.518640000000   -1.927117000000    0.328953000000
               5 N     -1.436837000000    1.399372000000    0.350965000000
               6 C      2.970024000000    0.928749000000   -0.594152000000
               7 C     -0.581237000000   -2.365423000000    1.743326000000
               8 C     -0.830393000000   -1.164002000000    2.652054000000
               9 C     -0.582721000000    1.300275000000    2.658544000000
              10 C     -1.760506000000    1.681705000000    1.765676000000
              11 C     -2.297164000000    2.076237000000   -0.555955000000
              12 C     -1.863288000000    3.517436000000   -0.893714000000
              13 C      2.318314000000    0.721784000000    1.731216000000
              14 C      1.427336000000   -0.143035000000    2.619678000000
              15 C     -0.748254000000   -2.988987000000   -0.591353000000
              16 C     -2.225153000000   -3.401980000000   -0.777574000000
              17 C      4.230037000000    0.039526000000   -0.716681000000
              18 H      3.306753000000    1.968583000000   -0.362264000000
              19 H     -0.884911000000    1.257688000000    3.734853000000
              20 H      0.214347000000    2.063803000000    2.551589000000
              21 H     -1.987450000000    2.762476000000    1.926932000000
              22 H     -2.688755000000    1.130205000000    2.070077000000
              23 H      1.560266000000    0.116824000000    3.699429000000
              24 H      1.702564000000   -1.208656000000    2.481159000000
              25 H     -1.891664000000   -0.853055000000    2.556872000000
              26 H     -0.634431000000   -1.411885000000    3.724765000000
              27 H     -1.396483000000   -3.106776000000    1.917960000000
              28 H      0.368415000000   -2.890826000000    2.024018000000
              29 H     -1.174880000000    0.491053000000   -2.522161000000
              30 H      0.462152000000    0.518729000000   -2.788176000000
              31 H     -0.336996000000   -0.936202000000   -2.722830000000
              32 H      2.201169000000    1.801001000000    2.006636000000
              33 H      3.382951000000    0.463776000000    1.952892000000
              34 H      2.515735000000    0.996716000000   -1.600586000000
              35 H     -3.345231000000    2.108265000000   -0.176930000000
              36 H     -2.372707000000    1.512731000000   -1.505640000000
              37 H     -0.168591000000   -3.895865000000   -0.302868000000
              38 H     -0.343914000000   -2.702078000000   -1.579029000000
              39 H     -2.820366000000   -2.544804000000   -1.127277000000
              40 H     -2.321620000000   -4.218722000000   -1.511452000000
              41 H     -2.669196000000   -3.751571000000    0.166806000000
              42 H     -1.822879000000    4.142017000000    0.011595000000
              43 H     -0.857324000000    3.512842000000   -1.339810000000
              44 H     -2.563100000000    3.993966000000   -1.599621000000
              45 H      4.935889000000    0.454691000000   -1.454255000000
              46 H      4.763546000000   -0.040601000000    0.242620000000
              47 H      3.947836000000   -0.976362000000   -1.030904000000
$End
