$PAL_Flags
   description: The PAL Flags
   geom. index: 1
   prop. index: 1
        Diskflag:     2
$End
$CASSCF_Energies
   description: The CASSCF energies
   geom. index: 1
   prop. index: 1
       Number of Multiplicities          : 1 
       Number of Electrons               : 179 
       Number of Frozen core Electrons   : 0 
       FINAL CASSCF Energy               :  -4790.2830968554 
       Total number of roots             : 2
Mult   NRoots    Root     Irrep         Energy
  2       2       0         0     -4790.2843495987
  2       2       1         0     -4790.2818441120
$End
$Mayer_Pop
   description: The Mayer population analysis
   geom. index: 1
   prop. index: 1
     Number of atoms                     : 48
     Threshold for printing              : 0.1000000
     Number of bond orders printed       : 50
  NA   - Mulliken gross atomic population
  ZA   - Total nuclear charge
  QA   - Mulliken gross atomic charge
  VA   - Mayer's total valence
  BVA  - Mayer's bonded valence
  FA   - Mayer's free valence
  ATOM       NA         ZA         QA         VA         BVA        FA
  0   0    40.1745    42.0000     1.8255     3.4872     1.8855     1.6017
  1   0     7.3546     7.0000    -0.3546     2.8566     2.8498     0.0068
  2   0     7.7979     7.0000    -0.7979     2.8477     2.8423     0.0054
  3   0     7.7053     7.0000    -0.7053     2.2982     2.2805     0.0177
  4   0     7.6918     7.0000    -0.6918     2.2779     2.2562     0.0217
  5   0     7.6996     7.0000    -0.6996     2.2591     2.2386     0.0205
  6   0     6.0399     6.0000    -0.0399     3.9423     3.9394     0.0029
  7   0     6.0986     6.0000    -0.0986     3.9538     3.9508     0.0030
  8   0     6.1023     6.0000    -0.1023     3.9044     3.9038     0.0006
  9   0     6.1110     6.0000    -0.1110     3.9082     3.9075     0.0007
 10   0     6.0910     6.0000    -0.0910     3.9450     3.9423     0.0027
 11   0     6.0686     6.0000    -0.0686     3.9329     3.9295     0.0034
 12   0     6.3013     6.0000    -0.3013     3.8480     3.8479     0.0001
 13   0     6.0858     6.0000    -0.0858     3.9639     3.9617     0.0022
 14   0     6.0994     6.0000    -0.0994     3.8949     3.8943     0.0006
 15   0     6.0701     6.0000    -0.0701     3.9382     3.9348     0.0034
 16   0     6.3068     6.0000    -0.3068     3.8445     3.8443     0.0002
 17   0     6.3112     6.0000    -0.3112     3.8583     3.8580     0.0003
 18   0     0.9397     1.0000     0.0603     0.9637     0.9630     0.0007
 19   0     0.8931     1.0000     0.1069     0.9681     0.9678     0.0003
 20   0     0.8881     1.0000     0.1119     0.9686     0.9684     0.0002
 21   0     0.9098     1.0000     0.0902     0.9542     0.9540     0.0002
 22   0     0.9188     1.0000     0.0812     0.9567     0.9563     0.0004
 23   0     0.8965     1.0000     0.1035     0.9674     0.9670     0.0004
 24   0     0.8859     1.0000     0.1141     0.9689     0.9687     0.0002
 25   0     0.8877     1.0000     0.1123     0.9666     0.9664     0.0002
 26   0     0.8937     1.0000     0.1063     0.9677     0.9675     0.0002
 27   0     0.9095     1.0000     0.0905     0.9536     0.9534     0.0002
 28   0     0.9159     1.0000     0.0841     0.9573     0.9569     0.0004
 29   0     0.7184     1.0000     0.2816     0.9224     0.9216     0.0008
 30   0     0.7133     1.0000     0.2867     0.9148     0.9142     0.0006
 31   0     0.7174     1.0000     0.2826     0.9204     0.9194     0.0010
 32   0     0.9247     1.0000     0.0753     0.9548     0.9544     0.0004
 33   0     0.9145     1.0000     0.0855     0.9530     0.9528     0.0002
 34   0     0.9868     1.0000     0.0132     0.9531     0.9531    -0.0000
 35   0     0.9253     1.0000     0.0747     0.9691     0.9684     0.0007
 36   0     0.9908     1.0000     0.0092     0.9504     0.9502     0.0002
 37   0     0.9271     1.0000     0.0729     0.9668     0.9661     0.0007
 38   0     0.9796     1.0000     0.0204     0.9545     0.9543     0.0002
 39   0     0.9116     1.0000     0.0884     0.9699     0.9697     0.0002
 40   0     0.9008     1.0000     0.0992     0.9707     0.9705     0.0002
 41   0     0.9030     1.0000     0.0970     0.9706     0.9706     0.0000
 42   0     0.9013     1.0000     0.0987     0.9720     0.9720     0.0000
 43   0     0.9129     1.0000     0.0871     0.9689     0.9687     0.0002
 44   0     0.9019     1.0000     0.0981     0.9711     0.9709     0.0002
 45   0     0.9079     1.0000     0.0921     0.9726     0.9724     0.0002
 46   0     0.9070     1.0000     0.0930     0.9695     0.9695     0.0000
 47   0     0.9073     1.0000     0.0927     0.9742     0.9741     0.0001
      Bond orders larger than 0.1000000
           Atom A     A.N. of A          Atom B    A.N. of B              Bond order
                0            42               1            7                0.215261
                0            42               2            7                0.159995
                0            42               3            7                0.440649
                0            42               4            7                0.460614
                0            42               5            7                0.439887
                1             7               8            6                0.916620
                1             7               9            6                0.920554
                1             7              14            6                0.924366
                2             7              29            1                0.907738
                2             7              30            1                0.909420
                2             7              31            1                0.908851
                3             7               6            6                0.973411
                3             7              13            6                0.981165
                4             7               7            6                0.961101
                4             7              15            6                0.968768
                5             7              10            6                0.960123
                5             7              11            6                0.964237
                6             6              17            6                0.969726
                6             6              18            1                0.986231
                6             6              34            1                0.992841
                7             6               8            6                1.002299
                7             6              27            1                0.986017
                7             6              28            1                0.984241
                8             6              25            1                0.975114
                8             6              26            1                0.988170
                9             6              10            6                1.002200
                9             6              19            1                0.988335
                9             6              20            1                0.974454
               10             6              21            1                0.985255
               10             6              22            1                0.983682
               11             6              12            6                0.963126
               11             6              35            1                0.989877
               11             6              36            1                0.998404
               12             6              42            1                0.986890
               12             6              43            1                0.981177
               12             6              44            1                0.992592
               13             6              14            6                0.999974
               13             6              32            1                0.980546
               13             6              33            1                0.983952
               14             6              23            1                0.988795
               14             6              24            1                0.972675
               15             6              16            6                0.960483
               15             6              37            1                0.990710
               15             6              38            1                1.000060
               16             6              39            1                0.982403
               16             6              40            1                0.991701
               16             6              41            1                0.986790
               17             6              45            1                0.990978
               17             6              46            1                0.987360
               17             6              47            1                0.983482
$End
$CASSCF_ABS
   description: The CASSCF absorption spectrum 
   geom. index: 1
   prop. index: 1
        Number of roots:  1
        The CASSCF Absorption Spectrum :
                  0          1          2          3          4          5    
      0     549.890776 18185.429619   0.000000   0.001527   0.038151   0.008109
                  6    
      0       0.002427
        Info about the excitations:
                  0          1          2          3          4    
      0         0          0          1          0          2     
$End
$CASSCF_CD
   description: The CASSCF CD spectrum 
   geom. index: 1
   prop. index: 1
        Number of roots:  1
        The CASSCF CD Spectrum:
                  0          1          2          3          4          5    
      0     549.890776 18185.429619  -0.477997  -0.037507  -0.003447  -0.460671
        Info about the excitations:
                  0          1          2          3          4    
      0         0          0          0          0          0     
$End
$CASSCF_Dipole
   description: The CASSCF dipole moments 
   geom. index: 1
   prop. index: 1
        Number of states:  1
        The CASSCF Dipole moments :
                  0          1          2          3    
      0      -0.997334   0.118155  -0.934674   1.371952
        Info about the states:
                  0          1    
      0         0          0     
$End
$CASSCF_GTensor
   description: Electronic g tensor 
   geom. index: 1
   prop. index: 1
 Method: 1 CASSCF 
 Type: 0 UNKNOWN 
 Spin multiplicity: 0 
 Kramers doublet: 0 
 Raw G tensor : 
                  0          1          2    
      0       0.000000   0.000000   0.000000
      1       0.000000   0.000000   0.000000
      2       0.000000   0.000000   0.000000
 G Eigenvalues: 
                  0          1          2    
      0       0.000000   0.000000   0.000000
 G Eigenvectors: 
                  0          1          2    
      0       0.000000   0.000000   0.000000
      1       0.000000   0.000000   0.000000
      2       0.000000   0.000000   0.000000
$End
$CASSCF_GTensor
   description: Electronic g tensor 
   geom. index: 1
   prop. index: 2
 Method: 1 CASSCF 
 Type: 1 HEFF 
 Spin multiplicity: 2 
 Kramers doublet: 0 
 Raw G tensor : 
                  0          1          2    
      0       1.306315   0.001542   0.171784
      1       0.001374   1.292431   0.016811
      2       0.172239   0.018917   3.400350
 G Eigenvalues: 
                  0          1          2    
      0       0.000000   0.000000   0.000000
 G Eigenvectors: 
                  0          1          2    
      0       0.000000   0.000000   0.000000
      1       0.000000   0.000000   0.000000
      2       0.000000   0.000000   0.000000
$End
$Calculation_Info
   description: Details of the calculation
   geom. index: 1
   prop. index: 1
     Multiplicity:                          2
     Charge:                                0
     number of atoms:                       48
     number of electrons:                   0
     number of frozen core electrons:       1
     number of correlated electrons:        0
     number of basis functions:             801
     number of aux C basis functions:       0
     number of aux J basis functions:       0
     number of aux JK basis functions:      0
     number of aux CABS basis functions:    0
     Total Energy (Eh)                      -4790.2830968554
$End
$Calculation_Timings
   description: Timings of the calculation
   geom. index: 1
   prop. index: 1
Total number of timings: 5
Sum of Timings               ...     3699.066 sec (=   61.651 min) 
GTO Integrals                ...        2.781 sec (=    0.046 min) (index: 0 )
SCF iterations               ...        9.114 sec (=    0.152 min) (index: 2 )
Relativistic integrals       ...        7.952 sec (=    0.133 min) (index: 13 )
CASSCF iterations            ...     3676.760 sec (=   61.279 min) (index: 16 )
Property integrals           ...        2.459 sec (=   0.041 min) (index: 43 )
$End
$Geometry
    Number of atoms:    48 
    Geometry Index:     1 
    Coordinates:
               0 Mo     0.000000000000    0.000000000000    0.000000000000
               1 N      0.000000000000   -0.000000000000    2.216533000000
               2 N     -0.285171000000    0.004718000000   -2.279534000000
               3 N      2.004311000000    0.474895000000    0.316334000000
               4 N     -0.518640000000   -1.927117000000    0.328953000000
               5 N     -1.436837000000    1.399372000000    0.350965000000
               6 C      2.970024000000    0.928749000000   -0.594152000000
               7 C     -0.581237000000   -2.365423000000    1.743326000000
               8 C     -0.830393000000   -1.164002000000    2.652054000000
               9 C     -0.582721000000    1.300275000000    2.658544000000
              10 C     -1.760506000000    1.681705000000    1.765676000000
              11 C     -2.297164000000    2.076237000000   -0.555955000000
              12 C     -1.863288000000    3.517436000000   -0.893714000000
              13 C      2.318314000000    0.721784000000    1.731216000000
              14 C      1.427336000000   -0.143035000000    2.619678000000
              15 C     -0.748254000000   -2.988987000000   -0.591353000000
              16 C     -2.225153000000   -3.401980000000   -0.777574000000
              17 C      4.230037000000    0.039526000000   -0.716681000000
              18 H      3.306753000000    1.968583000000   -0.362264000000
              19 H     -0.884911000000    1.257688000000    3.734853000000
              20 H      0.214347000000    2.063803000000    2.551589000000
              21 H     -1.987450000000    2.762476000000    1.926932000000
              22 H     -2.688755000000    1.130205000000    2.070077000000
              23 H      1.560266000000    0.116824000000    3.699429000000
              24 H      1.702564000000   -1.208656000000    2.481159000000
              25 H     -1.891664000000   -0.853055000000    2.556872000000
              26 H     -0.634431000000   -1.411885000000    3.724765000000
              27 H     -1.396483000000   -3.106776000000    1.917960000000
              28 H      0.368415000000   -2.890826000000    2.024018000000
              29 H     -1.174880000000    0.491053000000   -2.522161000000
              30 H      0.462152000000    0.518729000000   -2.788176000000
              31 H     -0.336996000000   -0.936202000000   -2.722830000000
              32 H      2.201169000000    1.801001000000    2.006636000000
              33 H      3.382951000000    0.463776000000    1.952892000000
              34 H      2.515735000000    0.996716000000   -1.600586000000
              35 H     -3.345231000000    2.108265000000   -0.176930000000
              36 H     -2.372707000000    1.512731000000   -1.505640000000
              37 H     -0.168591000000   -3.895865000000   -0.302868000000
              38 H     -0.343914000000   -2.702078000000   -1.579029000000
              39 H     -2.820366000000   -2.544804000000   -1.127277000000
              40 H     -2.321620000000   -4.218722000000   -1.511452000000
              41 H     -2.669196000000   -3.751571000000    0.166806000000
              42 H     -1.822879000000    4.142017000000    0.011595000000
              43 H     -0.857324000000    3.512842000000   -1.339810000000
              44 H     -2.563100000000    3.993966000000   -1.599621000000
              45 H      4.935889000000    0.454691000000   -1.454255000000
              46 H      4.763546000000   -0.040601000000    0.242620000000
              47 H      3.947836000000   -0.976362000000   -1.030904000000
$End
